4.54E-19
4.15E-19
4.27E-19
4.84E-19
4.40E-19
2.83E-19
2.90E-19
2.80E-19
3.00E-19
2.94E-19
4.54E-19
4.68E-19
4.14E-19
4.27E-19
4.14E-19
4.48E-19
4.30E-19
4.48E-19
4.14E-19
4.54E-19
3.17E-19
3.01E-19
2.66E-19
2.86E-19
2.94E-19
2.65E-19
2.94E-19
2.94E-19
3.00E-19
2.86E-19
6.94E-19
8.47E-19
7.64E-19
7.64E-19
7.27E-19
7.99E-19
7.47E-19
7.99E-19
7.99E-19
7.47E-19
6.79E-19
7.15E-19
7.15E-19
7.98E-19
7.15E-19
7.34E-19
7.91E-19
7.05E-19
7.44E-19
7.55E-19
2.91E-19
3.47E-19
3.23E-19
3.23E-19
2.91E-19
3.22E-19
3.22E-19
3.02E-19
2.98E-19
3.06E-19
3.08E-19
3.08E-19
2.98E-19
3.29E-19
3.29E-19
3.03E-19
3.00E-19
2.96E-19
2.83E-19
2.53E-19
1.12E-18
1.23E-18
1.23E-18
1.23E-18
1.12E-18
8.64E-19
9.63E-19
8.64E-19
1.02E-18
9.11E-19
1.13E-18
1.41E-18
1.05E-18
1.13E-18
1.05E-18
1.25E-18
1.13E-18
1.09E-18
1.19E-18
1.00E-18
1.35E-18
1.19E-18
1.26E-18
1.35E-18
1.26E-18
1.41E-18
1.30E-18
1.30E-18
1.41E-18
1.41E-18

